%YAML:1.0
aruco_bc_nmarkers: 8
aruco_bc_mInfoType: 0
aruco_bc_markers:
   - { id:8, corners:[ [ -322., 154., 0. ], [ -182., 154., 0. ], [ -182.,
       14., 0. ], [ -322., 14., 0. ] ] }
   - { id:9, corners:[ [ -154., 154., 0. ], [ -14., 154., 0. ], [ -14.,
       14., 0. ], [ -154., 14., 0. ] ] }
   - { id:10, corners:[ [ 14., 154., 0. ], [ 154., 154., 0. ], [ 154.,
       14., 0. ], [ 14., 14., 0. ] ] }
   - { id:11, corners:[ [ 182., 154., 0. ], [ 322., 154., 0. ], [ 322.,
       14., 0. ], [ 182., 14., 0. ] ] }
   - { id:12, corners:[ [ -322., -14., 0. ], [ -182., -14., 0. ], [ -182.,
       -154., 0. ], [ -322., -154., 0. ] ] }
   - { id:13, corners:[ [ -154., -14., 0. ], [ -14., -14., 0. ], [ -14.,
       -154., 0. ], [ -154., -154., 0. ] ] }
   - { id:14, corners:[ [ 14., -14., 0. ], [ 154., -14., 0. ], [ 154.,
       -154., 0. ], [ 14., -154., 0. ] ] }
   - { id:15, corners:[ [ 182., -14., 0. ], [ 322., -14., 0. ], [ 322.,
       -154., 0. ], [ 182., -154., 0. ] ] }
