%YAML:1.0
aruco_bc_nmarkers: 16
aruco_bc_mInfoType: 0
aruco_bc_markers:
   - { id:0, corners:[ [ -322., 322., 0. ], [ -182., 322., 0. ], [ -182.,
       182., 0. ], [ -322., 182., 0. ] ] }
   - { id:1, corners:[ [ -154., 322., 0. ], [ -14., 322., 0. ], [ -14.,
       182., 0. ], [ -154., 182., 0. ] ] }
   - { id:2, corners:[ [ 14., 322., 0. ], [ 154., 322., 0. ], [ 154.,
       182., 0. ], [ 14., 182., 0. ] ] }
   - { id:3, corners:[ [ 182., 322., 0. ], [ 322., 322., 0. ], [ 322.,
       182., 0. ], [ 182., 182., 0. ] ] }
   - { id:4, corners:[ [ -322., 154., 0. ], [ -182., 154., 0. ], [ -182.,
       14., 0. ], [ -322., 14., 0. ] ] }
   - { id:5, corners:[ [ -154., 154., 0. ], [ -14., 154., 0. ], [ -14.,
       14., 0. ], [ -154., 14., 0. ] ] }
   - { id:6, corners:[ [ 14., 154., 0. ], [ 154., 154., 0. ], [ 154.,
       14., 0. ], [ 14., 14., 0. ] ] }
   - { id:7, corners:[ [ 182., 154., 0. ], [ 322., 154., 0. ], [ 322.,
       14., 0. ], [ 182., 14., 0. ] ] }
   - { id:8, corners:[ [ -322., -14., 0. ], [ -182., -14., 0. ], [ -182.,
       -154., 0. ], [ -322., -154., 0. ] ] }
   - { id:9, corners:[ [ -154., -14., 0. ], [ -14., -14., 0. ], [ -14.,
       -154., 0. ], [ -154., -154., 0. ] ] }
   - { id:10, corners:[ [ 14., -14., 0. ], [ 154., -14., 0. ], [ 154.,
       -154., 0. ], [ 14., -154., 0. ] ] }
   - { id:11, corners:[ [ 182., -14., 0. ], [ 322., -14., 0. ], [ 322.,
       -154., 0. ], [ 182., -154., 0. ] ] }
   - { id:12, corners:[ [ -322., -182., 0. ], [ -182., -182., 0. ], [
       -182., -322., 0. ], [ -322., -322., 0. ] ] }
   - { id:13, corners:[ [ -154., -182., 0. ], [ -14., -182., 0. ], [
       -14., -322., 0. ], [ -154., -322., 0. ] ] }
   - { id:14, corners:[ [ 14., -182., 0. ], [ 154., -182., 0. ], [ 154.,
       -322., 0. ], [ 14., -322., 0. ] ] }
   - { id:15, corners:[ [ 182., -182., 0. ], [ 322., -182., 0. ], [ 322.,
       -322., 0. ], [ 182., -322., 0. ] ] }
