%YAML:1.0
aruco_bc_nmarkers: 8
aruco_bc_mInfoType: 0
aruco_bc_markers:
   - { id:0, corners:[ [ -322., 154., 0. ], [ -182., 154., 0. ], [ -182.,
       14., 0. ], [ -322., 14., 0. ] ] }
   - { id:1, corners:[ [ -154., 154., 0. ], [ -14., 154., 0. ], [ -14.,
       14., 0. ], [ -154., 14., 0. ] ] }
   - { id:2, corners:[ [ 14., 154., 0. ], [ 154., 154., 0. ], [ 154.,
       14., 0. ], [ 14., 14., 0. ] ] }
   - { id:3, corners:[ [ 182., 154., 0. ], [ 322., 154., 0. ], [ 322.,
       14., 0. ], [ 182., 14., 0. ] ] }
   - { id:4, corners:[ [ -322., -14., 0. ], [ -182., -14., 0. ], [ -182.,
       -154., 0. ], [ -322., -154., 0. ] ] }
   - { id:5, corners:[ [ -154., -14., 0. ], [ -14., -14., 0. ], [ -14.,
       -154., 0. ], [ -154., -154., 0. ] ] }
   - { id:6, corners:[ [ 14., -14., 0. ], [ 154., -14., 0. ], [ 154.,
       -154., 0. ], [ 14., -154., 0. ] ] }
   - { id:7, corners:[ [ 182., -14., 0. ], [ 322., -14., 0. ], [ 322.,
       -154., 0. ], [ 182., -154., 0. ] ] }
