%YAML:1.0
nmarkers: 16
markersize: 5
tau0: 9
marker_0: "1101010110001011011000101"
marker_1: "1010010110100100001110110"
marker_2: "1001001001000101010010110"
marker_3: "0001101101011010011000010"
marker_4: "0111111010100100001001101"
marker_5: "1001010100111001100011010"
marker_6: "0110010110011011101110000"
marker_7: "0101110100100101110101011"
marker_8: "0110110011101101011010011"
marker_9: "1010001011001111011111101"
marker_10: "1010001100000111001000011"
marker_11: "0011100100001011100011101"
marker_12: "0111000010000101101011010"
marker_13: "0010110110010110111101011"
marker_14: "1010000001110101101001111"
marker_15: "1110000100010011110001110"
