%YAML:1.0
nmarkers: 8
markersize: 5
tau0: 10
marker_0: "1101010110001011011000101"
marker_1: "1010010110100100001110110"
marker_2: "1001001001000101010010110"
marker_3: "0001101101011010011000010"
marker_4: "0111111010100100001001101"
marker_5: "1001010100111001100011010"
marker_6: "0110010110011011101110000"
marker_7: "0101110100100101110101011"
