%YAML:1.0
nmarkers: 8
markersize: 5
tau0: 9
marker_0: "0110110011101101011010011"
marker_1: "1010001011001111011111101"
marker_2: "1010001100000111001000011"
marker_3: "0011100100001011100011101"
marker_4: "0111000010000101101011010"
marker_5: "0010110110010110111101011"
marker_6: "1010000001110101101001111"
marker_7: "1110000100010011110001110"
