%YAML:1.0
nmarkers: 24
markersize: 5
tau0: 9
marker_0: "1101010110001011011000101"
marker_1: "1010010110100100001110110"
marker_2: "1001001001000101010010110"
marker_3: "0001101101011010011000010"
marker_4: "0111111010100100001001101"
marker_5: "1001010100111001100011010"
marker_6: "0110010110011011101110000"
marker_7: "0101110100100101110101011"
marker_8: "0110110011101101011010011"
marker_9: "1010001011001111011111101"
marker_10: "1010001100000111001000011"
marker_11: "0011100100001011100011101"
marker_12: "0111000010000101101011010"
marker_13: "0010110110010110111101011"
marker_14: "1010000001110101101001111"
marker_15: "1110000100010011110001110"
marker_16: "1000100101100100100100101"
marker_17: "1001011011101110001001011"
marker_18: "0011000001101101000100001"
marker_19: "1100000011101100100111010"
marker_20: "1011000101011110110110100"
marker_21: "0001101001100011110000101"
marker_22: "1000110010001101101101001"
marker_23: "0100001110011010110001001"
