%YAML:1.0
nmarkers: 8
markersize: 5
marker_0: "1011001101001110001011010"
marker_1: "0110110111000100011001111"
marker_2: "1010010100010011001101101"
marker_3: "1000011011111001001111110"
marker_4: "1000100101111010111101011"
marker_5: "1010111011011000110001000"
marker_6: "1100101110100100100110111"
marker_7: "0110011010100011110100000"
